打印初始种群

pop =

     0     1     1
     0     3     0
     1     1     0
     1     1     1
     1     5     0
     0     3     1
     0     5     1
     0     6     1
     0     3     0
     0     3     0
     1     6     1
     0     4     1
     0     3     1
     1     4     0
     0     2     1
     0     5     1
     0     4     1
     0     2     1
     1     5     1
     1     2     0

打印独立通路:
 
P{1} =
 
     1     3     6    10    11

 
 
P{2} =
 
     1     3     8     9    11

 
 
P{3} =
 
     1     2     4    10    11

 
 
P{4} =
 
     1     2     5     9    11

 
 
P{5} =
 
     1     2     7     8     9    11

 
打印被分割的分支
     8     9    10

最优个体编码
ans =

     1     1     0