1) 打印初始种群

pop =

  Columns 1 through 19 

     0     1     1     1     1     0     2     0     1     1     1     1     1     1     0     0     1     1     0
     0     0     0     1     0     1     4     1     1     0     1     0     0     0     1     0     1     0     0
     0     1     0     0     1     1     5     1     0     1     0     0     1     1     0     0     0     0     1
     0     0     0     0     1     0     3     0     1     1     1     0     0     1     0     0     1     0     1
     0     0     0     1     0     1     4     0     1     1     0     0     1     0     1     1     1     0     0
     0     0     0     0     0     1     3     0     0     0     1     1     0     0     1     0     1     0     0
     0     0     1     1     0     1     5     1     0     0     0     0     0     1     1     1     1     1     0
     0     1     0     1     0     0     4     0     1     0     1     1     1     0     1     1     0     0     0
     0     1     0     0     1     1     4     1     0     1     1     1     0     1     1     0     1     0     1
     0     0     0     1     0     1     2     0     1     0     0     1     1     0     0     1     0     1     0
     0     0     0     0     0     0     2     0     1     1     1     0     1     0     1     1     1     1     0
     0     1     1     0     1     1     2     1     0     1     0     1     1     0     0     0     1     1     1
     0     0     1     0     1     0     2     0     1     0     0     0     0     0     1     0     0     1     1
     0     0     0     1     0     0     3     0     0     0     0     1     0     1     1     0     1     1     0
     0     0     1     0     1     1     5     0     1     0     0     0     0     1     1     1     0     1     1
     0     1     1     1     0     1     1     0     0     0     1     0     1     0     1     0     1     1     0
     0     1     0     1     0     1     6     1     1     0     1     1     1     0     0     0     0     0     1
     0     0     1     1     0     0     3     1     1     1     1     0     0     0     1     1     0     1     1
     0     0     0     0     1     0     4     1     0     0     0     1     0     0     0     1     0     0     1
     0     0     1     1     1     1     4     1     0     1     1     0     1     1     0     1     1     1     1
     0     0     0     1     0     0     3     0     0     0     1     1     1     0     1     1     0     0     0
     0     1     1     1     1     1     4     0     1     0     0     1     1     1     0     0     1     1     1
     0     0     0     1     1     1     6     0     0     1     0     1     0     0     0     0     0     0     1
     0     1     1     1     0     1     5     0     1     1     1     0     1     1     1     1     1     1     1
     0     0     1     0     0     0     2     1     1     0     1     1     0     1     1     0     0     0     0
     0     1     0     0     0     1     6     0     0     1     0     1     0     0     1     0     1     1     1
     0     0     0     1     0     0     6     1     1     1     0     1     0     0     0     0     0     1     1
     0     0     1     1     0     0     3     1     0     1     0     0     1     0     0     1     0     1     1
     0     0     0     1     0     0     5     1     1     0     0     0     1     1     0     0     0     0     1
     0     1     0     1     0     0     3     0     1     1     1     1     0     1     1     1     1     0     0

  Columns 20 through 34 

     0     1     0     0     1     5     1     5     1     0     0     0     1     1     1
     1     1     1     0     1     1     0     5     0     0     0     0     0     1     0
     1     0     0     0     1     4     1     3     0     1     0     0     0     1     1
     1     0     0     1     1     4     0     3     1     0     0     0     0     1     1
     0     0     0     1     0     3     0     5     1     1     0     1     0     0     0
     1     0     1     1     0     3     0     3     0     1     0     0     1     0     0
     1     0     0     0     1     5     1     3     0     1     0     0     1     0     1
     0     1     1     1     0     5     1     5     1     1     0     1     0     1     0
     1     1     0     1     1     4     1     5     1     1     0     0     1     0     1
     0     0     1     1     1     6     0     5     1     1     0     1     1     0     0
     1     0     1     0     0     1     1     3     1     0     0     0     0     0     0
     1     0     0     1     0     3     0     5     1     0     0     1     0     0     1
     1     0     0     0     0     3     1     4     0     0     0     0     0     0     1
     1     0     0     1     0     5     0     3     0     0     0     1     1     1     0
     0     1     1     0     1     5     0     2     0     0     0     0     1     1     1
     1     0     0     0     1     4     1     1     0     1     0     1     1     0     0
     1     0     0     0     1     2     1     1     1     0     0     0     0     1     1
     1     1     1     0     0     3     0     2     0     1     0     0     1     1     1
     1     0     1     1     1     2     1     4     1     1     0     1     0     0     1
     0     1     0     1     0     6     1     3     1     1     0     1     0     1     0
     0     0     1     1     1     5     0     2     1     0     0     1     0     1     0
     0     1     1     1     1     1     0     3     0     1     0     0     1     1     0
     0     0     0     0     1     6     0     4     0     0     0     1     1     0     0
     0     0     0     0     0     4     1     2     0     1     0     1     0     0     0
     1     1     1     0     1     6     0     3     1     1     0     0     1     1     0
     1     1     0     0     0     5     1     5     1     0     0     0     1     0     1
     1     1     0     1     0     1     1     5     0     1     0     1     1     0     0
     1     1     1     0     0     4     1     5     0     0     0     1     0     1     0
     0     1     0     1     0     5     0     5     1     0     0     1     0     0     0
     0     0     1     0     1     4     1     5     0     0     0     0     0     0     1

2) 打印独立通路:
 
P{1} =
 
    31    32   122

 
 
P{2} =
 
  Columns 1 through 18 

    31    32    36    41    43    44   114    47    57    58    59    79    64    66    91     5     7     8

  Columns 19 through 23 

    85    11   110   120   113

 
 
P{3} =
 
    31    33    38    39   123

 
 
P{4} =
 
  Columns 1 through 18 

    31    34    41    43    44   114    47    57    58    59    79    64    66    91     5     7     8    85

  Columns 19 through 22 

    11   110   120   113

 
 
P{5} =
 
    31    34    41    43    44   114    47    57    77    73    71    70   104    95   119   120   113

 
 
P{6} =
 
    31    34    41     1     2     8    85    11   110   120   113

 
 
P{7} =
 
    31    35    42    44   114    47    57    77    73    71    70   104    95   119   120   113

 
 
P{8} =
 
  Columns 1 through 18 

    31    35    42    44   114    47    57    77    73    72    89    91     5     7     8    85    11   110

  Columns 19 through 20 

   120   113

 
 
P{9} =
 
    31    35    42    44   114    47    48    50    54    56    76    75   104    95   119   120   113

 
 
P{10} =
 
    31    35    42    44   114    47    48    50    52    51    76    75   104    95   119   120   113

 
 
P{11} =
 
  Columns 1 through 18 

    31    35    42    44   114    47    48    50    53   105   107   103   102   109    90    96    95   119

  Columns 19 through 20 

   120   113

 
 
P{12} =
 
    31    35    42    44    65    67     2     8    85    11   110   120   113

 
 
P{13} =
 
    31    35    42    44    65    63     3     4     7     8    85    11   110   120   113

 
 
P{14} =
 
    31    35    45    47    48    50    53   105   107   103   102   109    90    96    95   119   120   113

 
 
